BYES0018 BYES0018 -0.0319798 -0.0503506 -0.157645 0.0233337 -0.182232 0.135392 -0.0220523 0.218044 -0.0466728 0.0176666 58
BYES0049 BYES0049 -0.0247113 -0.117021 -0.00478816 0.0599901 0.00553711 -0.254965 0.0763038 -0.190091 -0.176432 -0.0405736 61
BYES0116 BYES0116 -0.0509294 -0.0222405 -0.0523428 -0.0145814 0.0661755 -0.225751 0.0770873 -0.0341689 -0.168557 -0.0555423 73
BYES0132 BYES0132 -0.0238153 0.0900273 0.0936566 -0.0248376 -0.0162377 0.0031777 -0.129879 0.366641 -0.0639121 -0.260521 77
BYES0213 BYES0213 0.00717943 -0.0849717 -0.0774929 -0.0970141 0.0314965 -0.0279951 0.118898 -0.136377 -0.183505 -0.240499 59
BYES0215 BYES0215 0.685608 -0.00746907 0.0041828 0.0134744 0.000121475 -0.0141405 0.00696783 0.011213 -0.0125297 0.0121161 69
BYES0265 BYES0265 -0.0250542 -0.00714203 -0.0489333 -0.0946347 -0.144016 -0.235839 -0.0964761 0.00678976 0.00363953 -0.170262 62
BYES0358 BYES0358 -0.00175617 0.0439694 0.0139889 0.0665332 0.135032 -0.0627449 0.0745231 -0.0847661 0.0294158 -0.0420281 71
BYES0363 BYES0363 -0.013701 0.0394487 -0.0109531 -0.0881951 -0.21538 0.0044338 -0.116823 0.0453328 0.036979 0.0610556 72
BYES0471 BYES0471 -0.0300166 -0.0234381 0.00105307 0.00107417 0.0577677 0.152048 0.0622293 0.0231476 -0.153974 0.00626977 71
BYES0501 BYES0501 -0.0172051 -0.00666325 -0.00650112 -0.145244 0.0155061 -0.0255014 -0.0270403 0.0421859 0.0514145 0.106823 51
BYES0525 BYES0525 -0.00665921 -0.0526979 -0.126895 -0.0857679 -0.186383 0.179137 -0.464632 -0.292985 -0.0600365 -0.0992004 61
BYES0565 BYES0565 0.010994 -0.0353823 0.0143086 -0.0131185 -0.00734278 -0.0161414 -0.0411163 -0.0398736 -0.00028669 0.00156448 69
BYES0570 BYES0570 -0.0297791 0.0432165 -0.0315463 0.125355 -0.0972485 0.0492858 -0.023978 0.0587734 0.0663318 0.135585 73
BYES0595 BYES0595 -0.0267716 0.000448406 -0.0402979 0.00605919 0.0160591 -0.0666523 0.0955267 -0.0452758 -0.0307233 0.0669845 64
BYES0651 BYES0651 -0.0241597 -0.030911 0.0255128 0.0307626 0.0613922 0.0290105 0.19187 0.0552265 -0.0794203 0.326723 75
BYES0671 BYES0671 -0.0229877 0.105758 0.00912857 0.128161 -0.134034 0.106114 0.149685 0.208913 -0.17516 0.0467806 75
BYES0694 BYES0694 -0.0131145 0.0525967 -0.0588098 0.0711219 0.374807 0.216714 0.132119 0.00852248 0.0239239 -0.270252 58
BYES0741 BYES0741 -0.0279144 0.0530377 0.0307382 -0.0387365 -0.056672 0.061772 0.133961 -0.101812 0.185651 0.159513 53
BYES0756 BYES0756 -0.020807 -0.032653 -0.0515373 -0.0263353 0.0929932 -0.0937177 0.148352 -0.180418 -0.109882 0.0779689 77
BYES0783 BYES0783 -0.0111187 -0.0233572 -0.054461 -0.0558174 -0.0760578 0.0292107 -0.0361745 0.0998313 -0.0121479 0.0689122 72
BYES0839 BYES0839 -0.00670777 -0.0187877 0.107307 0.0558582 -0.127209 0.0168929 0.0226908 0.0160583 0.00745623 0.0364031 54
BYES0851 BYES0851 -0.00696646 -0.0167441 -0.0515615 -0.0749189 0.00101305 0.0387653 0.108146 -0.0243778 0.0116363 0.0574307 56
BYES0888 BYES0888 -0.0245474 -0.0680061 0.028479 -0.0415376 -0.0199514 -0.107799 0.0196878 0.123827 -0.393928 0.159232 69
BYES0900 BYES0900 -0.0413209 0.0451679 -0.0705277 0.421671 0.236744 -0.0946587 -0.174442 -0.0335296 -0.018506 0.119622 74
BYES0990 BYES0990 0.700615 -0.000406618 0.00457228 0.019791 0.00475674 -0.0105674 -0.00307812 0.00883602 -0.00994927 0.00719084 69
BYES0991 BYES0991 -0.00760289 -0.00560115 -0.0604791 -0.100564 0.0038635 -0.143322 -0.0469532 0.0826782 -0.11749 -0.0432626 71
BYES1000 BYES1000 0.00454514 0.0218702 -0.0660109 0.0428175 -0.102752 0.106892 -0.0656 -0.0231673 0.0225072 -0.094699 76
BYES1052 BYES1052 -0.027754 -0.055344 -0.048905 0.0189194 -0.106044 -0.106472 0.17447 0.0929529 0.191637 0.108122 69
BYES1064 BYES1064 -0.015983 0.0577179 -0.0703276 0.0878608 0.349691 0.268066 0.167354 0.018586 -0.0159649 -0.306388 56
BYES1136 BYES1136 -0.00510629 -0.00620265 -0.114136 -0.0902736 -0.0353479 -0.024674 0.0972468 -0.0540388 0.105232 -0.0793056 69
BYES1185 BYES1185 -0.0212278 -0.0676011 -0.0900461 0.0860032 0.104274 -0.0842895 -0.0708994 0.047192 0.0309323 0.0476994 54
BYES1192 BYES1192 -0.00707686 -0.0550641 0.0402754 -0.112577 0.0442409 -0.183561 0.000963163 -0.0504782 -0.00428618 -0.0169412 60
BYES1208 BYES1208 -0.00444931 0.0221656 -0.0438147 0.00374303 0.0339717 -0.0163244 0.0735924 0.00279322 -0.018817 -0.0161952 65
BYES1209 BYES1209 -0.0269205 0.0536294 0.0359239 -0.0928536 0.0580757 -0.0917951 0.0580725 0.0488013 0.0344641 -0.0784514 65
BYES1211 BYES1211 -0.0202678 -0.0532482 -0.0524279 0.060434 -0.0180176 0.309404 -0.122036 0.0983773 -0.147501 0.111859 77
BYES1220 BYES1220 -0.0317803 -0.0366786 -0.02958 -0.0696739 -0.097791 -0.0400614 0.0706531 -0.0973128 -0.0425479 0.033392 56
BYES1224 BYES1224 -0.030413 -0.0436481 0.054738 -0.0253868 -0.0639984 0.0357246 0.063968 -0.195755 0.139578 0.111266 67
BYES1243 BYES1243 -0.0193211 0.0874017 -0.0247291 0.0783237 -0.0690507 -0.101194 0.0241084 0.0206246 0.115508 -0.0059545 63
BYES1257 BYES1257 -0.0205846 -0.0615945 -0.0139834 -0.367269 0.317955 0.0605808 -0.162208 0.159785 0.0719397 0.187798 62
BYES1267 BYES1267 -0.047495 0.0932297 -0.00812452 -0.0786937 -0.0697588 0.0423568 0.0370451 0.0666543 -0.0268013 -0.142734 41
BYES1284 BYES1284 -0.0241725 0.294394 0.486409 -0.00153687 0.0203489 0.117064 -0.0260689 -0.11055 -0.0903997 0.0345434 61
BYES1287 BYES1287 -0.0229574 0.315575 0.513315 -0.0456727 0.0065842 0.0979354 -0.0437112 -0.149628 -0.116764 0.0297329 60
BYES1417 BYES1417 -0.0250421 -0.0738868 -0.0456217 0.0851071 -0.133848 0.180989 0.0643465 0.218353 -0.0837381 0.0155281 62
BYES1730 BYES1730 -0.00821324 -0.0146155 -0.0248024 -0.0347222 0.0126425 0.015903 -0.0915727 -0.0766603 -0.159891 0.110269 46
BYES1781 BYES1781 -0.02496 0.047077 0.0836705 -0.0775026 0.0951126 -0.0625287 -0.0575598 0.0586062 0.0774845 0.0451713 75
BYES1794 BYES1794 -0.00881574 0.0516503 0.0643189 -0.0648315 -0.0355372 0.00551634 -0.0527744 -0.0664848 0.029842 -0.029799 65
BYES1805 BYES1805 -0.0214454 0.0120173 0.00727011 -0.0454685 0.000615143 -0.0344639 -0.0340149 -0.0154223 -0.0128453 -0.0172138 72
BYES1852 BYES1852 -0.00567173 0.019061 0.055181 0.0604093 -0.101184 0.00524784 0.0146563 0.129264 0.392714 -0.228012 77
BYES2140 BYES2140 -0.0247859 0.0145812 0.0445708 -0.0360162 0.128765 -0.0364507 -0.00866177 0.00626076 -0.019341 -0.0982349 69
BYES2207 BYES2207 -0.0116555 0.0233315 0.059019 -0.0376185 -0.0799358 -0.0433665 0.160877 -0.0101436 0.0773319 -0.00288313 71
BYES2299 BYES2299 0.00546536 -0.00950732 0.0260849 -0.00677615 -0.00666824 -0.0785031 0.00798456 0.0804504 0.0252608 -0.168945 69
BYES2342 BYES2342 -0.0229388 -0.0127799 -0.0404359 -0.0750059 0.050164 0.0702351 0.045841 -0.0926452 0.0801278 0.0601016 75
BYES2399 BYES2399 -0.00967999 0.0130734 0.0561751 0.023622 -0.0407227 0.0466727 0.145408 -0.184105 0.0078713 0.0122977 65
BYES2466 BYES2466 -0.0394101 0.0484086 0.0246201 -0.0370122 -0.0906348 -0.233268 0.0353946 0.0421219 -0.212644 -0.0378047 72
BYES2484 BYES2484 -0.0203941 0.017614 -0.0498792 0.0498107 -0.0469052 0.0784727 0.187653 -0.110076 0.0285951 -0.0327181 63
BYES2503 BYES2503 -0.0432265 0.087674 -0.132152 0.432924 0.174886 -0.103316 -0.199664 -0.0371979 -0.0343231 0.0737459 56
BYES2517 BYES2517 -0.0174033 0.074314 0.102579 0.144859 -0.00959558 -0.114713 -0.0989738 0.0690532 0.218739 -0.0852493 67
BYES2535 BYES2535 -0.0434364 -0.0148766 -0.165852 0.0355303 -0.0619448 0.168087 0.0770376 -0.114898 0.0471832 0.00733337 61
BYES2546 BYES2546 -0.00374978 0.052488 -0.0993826 0.124162 0.126215 -0.050854 -0.0746094 -0.157245 0.145875 0.261108 75
BYES2550 BYES2550 -0.0377571 -0.808329 0.438713 0.14771 0.0313738 0.0571553 -0.0399315 -0.0251899 0.0677534 -0.0754893 60
BYES2572 BYES2572 -0.0254233 0.072388 0.153107 0.168227 -0.0568987 -0.126029 -0.190142 0.238762 0.13571 0.0720545 69
BYES2603 BYES2603 -0.00780047 0.00313669 -0.0130324 -0.02179 5.35383e-05 0.0451263 0.00902911 0.0269684 0.152506 0.052794 59
BYES3217 BYES3217 -0.0180919 -0.0514309 -0.076206 0.0540472 -0.140534 0.203101 0.149171 0.141906 -0.1177 0.0258674 59
BYES3229 BYES3229 -0.0233044 0.0318988 -0.00583978 -0.0954004 -0.0793236 0.0254111 -0.0977874 -0.049817 -0.0788982 -0.0826339 58
BYES3235 BYES3235 -0.0241749 0.00982613 -0.0319099 0.000487914 -0.0392868 -0.028394 0.139417 0.102618 0.109738 0.085393 72
BYES3239 BYES3239 -0.00810622 -0.0267684 -0.0506764 0.01694 -0.0791622 0.177951 -0.121367 -0.176357 0.0775155 -0.0809529 49
BYES3244 BYES3244 -0.015904 -0.0593326 -0.0440779 -0.370424 0.321946 0.0540287 -0.180836 0.159106 0.100455 0.180838 54
BYES3247 BYES3247 -0.0125251 0.0152503 -0.083163 0.0549795 -0.105362 0.05522 -0.0447992 -0.0787179 0.0280557 0.106863 61
BYES3257 BYES3257 -0.0378143 -0.0197216 -0.0408624 0.0598791 0.0523556 -0.2195 -0.0996838 0.106457 -0.0827379 -0.145097 61
BYES3260 BYES3260 -0.0341119 0.0483975 -0.0707646 -0.133002 -0.0420577 -0.146435 0.101262 -0.0935318 0.205808 -0.0814149 54
BYES3262 BYES3262 -0.0235941 0.0128611 -0.137444 -0.0387295 -0.0572902 0.0567542 -0.258211 -0.178547 -0.0584075 -0.112225 59
